6.948032549447772377e-01
-2.355507907085583053e-01
-1.643243642782681729e-02
1.971859095229626102e-01
1.689710904966052474e-01
3.231184238244962925e-01
-2.320844569887098585e-01
9.086213200086430686e-02
-5.858196702129555566e-01
-2.607804722508634265e-01
-8.207209867359085420e-01
-8.193429385389029707e-02
-2.406091634618829633e-01
-4.867378276332697262e-01
3.324201898458848392e-01
-3.457810411503514092e-01
-6.677806190745723125e-01
-4.027900774477040091e-01
-6.184003234285333495e-01
-8.702307921458775075e-01
-3.813877608275771380e-01
1.322967626516552697e-01
-3.646242368527741751e-01
-5.705316025859834550e-01
-1.230946296306688892e-01
-5.087488221307578939e-01
-3.135445196072049190e-01
2.512433426211730381e-01
3.312092178497460515e-01
-3.980367047032518091e-01
2.482937071421325581e-01
-4.328301622026094891e-02
3.113986476897421252e-01
-6.949666868221285876e-01
2.843813198245504978e-02
-1.033189349199672868e+00
-6.836291139431774910e-01
-1.801015713932471729e-01
-1.253007405204593916e-01
-5.689292654346946865e-01
-2.548798834051280160e-01
-3.979547614048064563e-01
2.740297036662877120e-02
5.242607879637330159e-02
3.002201991310729512e-01
-3.282809195194449914e-01
3.057663625317218192e-02
-1.311334902806586378e+00
-6.177578193074930724e-01
-8.380036900647279685e-01
1.345218801282393351e+00
3.588803567094164260e-01
1.249100069199538948e-01
-6.699480250955656968e-02
3.047531061136326547e-01
3.963451972039909177e-01
-2.875740253503376032e-01
-2.289908320143948517e-01
7.357688563083989441e-01
6.722522480350707763e-01
9.403417498428399135e-01
7.273264280101906509e-01
7.848002194817101929e-01
2.204900177925627758e-01
-4.929466654367936629e-02
-1.518788135893326952e-01
1.791111528907748107e-01
5.720747354495878678e-01
-4.860956827033514616e-01
-4.462341007384499347e-01
-3.601121439228833210e-01
4.757322468141835237e-01
-3.409285298514072582e-02
3.052307418064478250e-01
3.916631114955561044e-01
6.859297334346275976e-01
-6.329732236316736038e-02
-4.265766990955920934e-01
9.054342891027639117e-01
2.309896207160795634e-01
-1.441001316228198992e-01
2.173342241655659424e-01
9.715152652593798122e-01
6.720870689590668912e-01
2.331433164337621822e-01
3.505943665833176071e-01
-1.502236161035567230e+00
-4.566649533609973832e-01
-1.223201198041499627e+00
-1.042049633984872825e-01
6.791218704962596053e-01
1.015805212920837253e+00
9.947787309068688577e-01
1.148798262021849759e+00
5.472113510899081490e-01
5.367799964743082963e-01
1.447099793882215130e-02
-1.066239876297151584e-01
-3.577953389700536113e-01
-7.255308116819768616e-01
-6.457078605890274048e-01
-1.306610922018687004e+00
4.069284281100739031e-01
-1.426692640619172114e-01
0.000000000000000000e+00
0.000000000000000000e+00
7.025873043805198614e-01
1.953001893076446449e-01
-3.156700910785036895e-01
7.455253239285440925e-01
2.000271028706005760e-01
8.920865750312805265e-01
1.562535456248692167e+00
6.818696657816568640e-01
-2.785986203064088063e-01
-7.280418762940514821e-01
8.161213220771783572e-01
9.832699862155385162e-01
8.825131173070985824e-01
-1.763154147192835808e-02
6.260613225061785192e-01
6.298773051585909721e-01
