1.294252660188330184e+00
2.191485227780778228e-02
4.892158809647684237e-01
6.739876687090267104e-01
1.001772373208065670e+00
9.628998280418490374e-01
-5.432005489727763647e-01
3.345745974417194679e-01
-6.220511882648773749e-01
-7.820061061926593116e-01
-1.896827572139958118e+00
-6.530608478966657415e-01
-5.860188489748259233e-01
-1.130068225590022069e+00
8.149055440936363304e-02
-4.693704459932361850e-01
-1.615333501588214427e+00
-1.369709905552502383e+00
-1.351038627742186193e+00
-2.455485870605976118e+00
-1.059466871573756297e+00
-3.230156775401986091e-01
-1.204188789060823828e+00
-1.186047928322345735e+00
-6.001816130767257951e-01
-1.455190704723677175e+00
-1.248814085526471107e+00
-9.870486351412517678e-02
-1.110439772515664850e-02
-1.670149793866549714e+00
3.146005066222287705e-01
-2.904123917705677543e-02
8.183384993141333830e-01
-1.973718597637322159e+00
-1.224777613443421287e-01
-1.752814359948186684e+00
-1.486284391285352946e+00
-1.336609473154973582e+00
-3.320284171207160684e-01
-1.263253123912307485e+00
-9.607630205187244199e-01
-1.233650290706551411e+00
-4.090311990544594385e-03
-4.694175687339380287e-01
9.539403950799955068e-01
-1.599460445276509768e+00
-6.146990571171044859e-01
-4.239855251743295028e+00
-1.518854772419438115e+00
-1.254284614117517460e+00
2.256774828761964891e+00
7.794178868649752623e-01
5.590418827060338325e-01
2.486609373361833575e-01
1.715731418123222385e+00
5.774014398815164872e-01
-4.419725231100278817e-01
-2.258928810475302473e-01
1.623247321573263902e+00
4.344322076364725560e-01
2.300620331353699033e+00
2.283101591585543488e+00
1.805850778721474370e+00
2.709872931090708259e-01
-4.640901601951540889e-01
-4.409203339985438563e-01
8.464646081027296098e-01
7.508890648172280580e-01
-1.228271312766022749e+00
-1.145352668369828963e+00
-1.231327932837690264e+00
1.554994772529341374e+00
-4.356427563250589441e-01
1.191970259493047468e+00
5.968909330122460499e-01
1.419961518509884835e+00
-6.606929279068141092e-02
-1.013896418092679719e+00
2.174914985621593466e+00
1.249962063046288763e-01
-6.931123725258477863e-01
5.484136274653373944e-01
3.366338388003103699e+00
2.042310984977278032e+00
3.537726916006177502e-01
1.144358574686197727e+00
-2.457625495792461034e+00
-9.084008556084345321e-01
-2.788176298141479492e+00
1.966581231663687424e-01
1.717306418354506592e+00
2.875582573695491639e+00
2.693304733815328866e+00
2.882258063131763137e+00
2.268558549897401466e+00
9.651327271836968036e-01
-6.589433020680031117e-01
-6.498242709947669171e-01
-8.195642138839861479e-01
-5.533694521430652102e-01
-5.113967895507812722e-01
-1.522348403930664062e+00
6.387694965709339590e-01
2.678455229728452514e-01
0.000000000000000000e+00
0.000000000000000000e+00
1.906807609226392752e-01
-1.141139136420355887e-01
-9.281867913836258088e-01
1.203721280251779824e+00
-4.144707504583864527e-02
1.471171264648437393e+00
2.216829027448381506e+00
6.540234883626302453e-01
-5.117593273039787102e-03
-8.060230445861816806e-01
1.566270246280459855e+00
1.477133965307428021e+00
7.718514800071716309e-01
-3.118823528289794700e-01
1.054643473349326843e+00
7.736172951942632547e-01
