7.229898309142606116e-01
-1.418282575824972129e-02
2.310591508415954232e-01
1.566741365627517257e-01
3.928291900802317049e-01
4.765395636016463432e-01
-3.029692010935550184e-01
7.214240073804889519e-02
-2.945945512162010949e-01
-4.444615426065491315e-01
-1.092423706896525681e+00
-3.776716161181079556e-01
-2.487889454720462468e-01
-5.744876571450635572e-01
6.082955119150434270e-02
-2.601960475125534300e-01
-7.463561199974365623e-01
-6.246864012592721060e-01
-8.495096532506029030e-01
-1.003874792271645333e+00
-5.829837620115435604e-01
-9.008289572683078616e-02
-5.495957837131172363e-01
-6.256400218862383511e-01
-3.613391113682182798e-01
-7.710716617449676624e-01
-4.633735714138343953e-01
3.764377562703594398e-03
5.528549349587546374e-02
-6.644909426298586386e-01
6.251816635116243248e-02
4.034467391218055782e-02
2.741642268049012676e-01
-9.272286138960166291e-01
-7.584318806572933058e-02
-8.253251555629332881e-01
-8.361829116075242263e-01
-2.706708476173019795e-01
-1.111119529809495576e-01
-7.304797062307377686e-01
-4.910042360084404534e-01
-5.498234037913276584e-01
-8.334542118298343683e-02
-2.082572515160176219e-01
2.527392198632278375e-01
-5.966412580967550561e-01
-2.394001914610271453e-01
-1.626110281185332518e+00
-6.731332792038650092e-01
-6.190928535096082985e-01
1.296744390443606898e+00
4.141739307731328035e-01
2.386068524346202091e-01
6.288202142774788894e-02
7.626654399567327491e-01
4.246828075415322590e-01
-1.708872835181037553e-01
-8.075661247664848996e-02
7.084081614803046101e-01
2.982687926952954371e-01
9.609609116083471791e-01
8.073150112947262702e-01
7.541372774294703429e-01
1.122614140259480253e-01
-2.364358952418254001e-01
-1.963605541686327949e-01
3.925987341812463005e-01
4.313027738162673042e-01
-5.873784432595304805e-01
-5.050940452016710047e-01
-5.028436881547991844e-01
6.175125819495381752e-01
-1.999083097246597274e-01
5.420182718858645998e-01
2.681293143943759838e-01
6.218549491926415040e-01
3.843937511259160750e-02
-4.074697738107260769e-01
7.473859124538865251e-01
1.120580072786198506e-01
-2.330449936137186651e-01
1.360994538711919610e-01
1.066849334517082637e+00
7.608968272701989166e-01
1.691181176523516294e-01
3.272191914641113253e-01
-1.335087078637900326e+00
-2.892016395051895672e-01
-1.199499027605413382e+00
2.977277233034409439e-03
6.996362014873679369e-01
1.266367873429722568e+00
1.280049235891900672e+00
1.069256013497079438e+00
7.597542697940540268e-01
4.245603182806338416e-01
-2.055117142092505733e-01
-2.642277569521546132e-01
-3.836818835687387796e-01
-2.886621683623148416e-01
-3.936169266700744740e-01
-9.987853964169820520e-01
4.469253836538303881e-01
2.320426417244297879e-01
0.000000000000000000e+00
0.000000000000000000e+00
2.363088684682936869e-01
2.767100441290439722e-03
-5.535272284775503149e-01
6.750427930247819841e-01
-5.936146380227743519e-02
8.998229598999023526e-01
1.382599660328456270e+00
5.308455501993497583e-01
-5.747307173649421341e-02
-4.923637336609785198e-01
8.725502453854410145e-01
8.920097637302495386e-01
4.093312275072094053e-01
-1.409718234324827679e-01
7.600052094641179812e-01
6.053220786939351727e-01
