1.339813085708273510e+00
-5.032424555544294797e-01
-1.837764442188588934e-02
8.486793897890146932e-01
3.611888467343812303e-01
7.322044660524195114e-01
-4.071604626070527977e-01
4.240243269057570874e-01
-1.441540463221030688e+00
-3.701097465213088467e-01
-1.494646445923909273e+00
9.323010965520069776e-03
-5.698837076582140559e-01
-1.032119598827863971e+00
6.778230939982445857e-01
-6.565604881665605408e-01
-1.503843895655560869e+00
-9.342308141828035151e-01
-9.546887649487016958e-01
-2.386463395773373630e+00
-7.405180312724120029e-01
2.349535794597369387e-01
-8.462195732676331961e-01
-1.153679931070045184e+00
-1.327621710210211414e-01
-8.863560883040281224e-01
-8.650258150149046088e-01
4.910828666581923407e-01
4.812090039426756283e-01
-1.049692535028587725e+00
7.846246009444914904e-01
-2.079522006985208837e-01
1.111582360013648518e+00
-1.505260965201312251e+00
2.170996071546532624e-01
-2.514367149844027871e+00
-1.331084445630385638e+00
-1.179324375295663252e+00
-3.339193631732699230e-01
-9.050449808464222645e-01
-3.705550483972887554e-01
-8.562470831730606413e-01
3.793493414056001156e-01
1.778041929078044980e-01
1.093549894654175070e+00
-8.864851018859905007e-01
2.232781811058521249e-01
-3.587033785265044461e+00
-1.379566375428901592e+00
-1.784559606536617160e+00
2.404897835878330170e+00
6.941037928120473710e-01
3.747347520067022542e-01
-2.238722656811437395e-01
7.634882594263830979e-01
6.050664438958461844e-01
-8.454526827204531525e-01
-7.007781459659826462e-01
1.777141381048704893e+00
1.198202142795594893e+00
2.295959516471584916e+00
2.224289614287541461e+00
1.933846762695828003e+00
5.777847218029390497e-01
-1.321566436126941912e-01
-3.489680517741611809e-01
4.083716978014949039e-01
1.072972518623432236e+00
-1.052907547869763372e+00
-1.103964941075102901e+00
-9.911071862289947410e-01
1.304651384104470679e+00
-9.733312710289382386e-02
8.261769765201099069e-01
9.546946754655101230e-01
1.694101888206580142e+00
-2.517052067136301696e-01
-9.910105413069275615e-01
2.624309617800730798e+00
3.624642171316343475e-01
-4.209483321350399598e-01
8.519881000999501852e-01
3.147965361866337464e+00
1.852757977331361827e+00
5.293060419959718654e-01
1.239201838080719931e+00
-2.878085177449474230e+00
-1.151549665719870719e+00
-3.110825957106165607e+00
3.288205925810909914e-03
1.831147885107487383e+00
2.425499030221574426e+00
2.280627521886977593e+00
3.247542183553018713e+00
1.520826238122853447e+00
1.254286695005227381e+00
1.503565079712307698e-02
-2.600301030125071189e-01
-7.958649696560080589e-01
-1.475831598407773448e+00
-8.880035400390624556e-01
-2.118974685668945312e+00
6.096826900135386973e-01
-1.945886304301600311e-01
0.000000000000000000e+00
0.000000000000000000e+00
1.111922189463739885e+00
2.574780747881926790e-01
-5.024047806815318262e-01
1.438703530834567257e+00
3.828602226413025944e-01
1.586356201171875036e+00
2.566027505057198788e+00
8.931961059570312500e-01
-3.872819280111661766e-01
-1.242460613250732315e+00
1.592775690273975808e+00
1.699470749197080188e+00
1.544935643672943115e+00
-9.878964424133300504e-02
8.646302499061773172e-01
8.671807533453318451e-01
