6.557046038033571733e+01
7.091316032886831522e+01
7.517245737212047629e+01
5.581165387086582541e+01
7.228052087992362829e+01
7.848527662776642444e+01
6.694267678533232413e+01
6.535870814541679863e+01
6.815245068186497690e+01
6.571720564813624321e+01
6.570414963403159447e+01
6.990486140423107031e+01
5.981580505919550461e+01
5.622707459828930610e+01
5.569325279121351713e+01
6.944660075521342435e+01
6.486998347596728820e+01
6.482073641748945647e+01
6.597742854492999243e+01
6.477974612973272883e+01
5.914970227997196162e+01
6.276024129737599111e+01
5.881533319496674750e+01
6.712262001324758387e+01
6.664086902450600292e+01
6.942127371527433866e+01
6.870493198258320433e+01
6.202316406714307107e+01
5.855651285674788653e+01
6.007739608206536985e+01
6.554910271178974313e+01
5.839545226395298272e+01
6.416859530275179679e+01
6.693001775507566720e+01
6.766357604465258646e+01
6.941652482212397501e+01
5.793107202989407511e+01
6.622389067081174119e+01
6.997300293113727321e+01
6.971679834009545118e+01
6.876928820527059827e+01
6.991846361892844186e+01
6.377384021305854134e+01
7.052726222152313085e+01
6.357789612932236167e+01
6.381054043087678451e+01
6.262574048785791092e+01
6.629540116199564181e+01
6.762499576203438778e+01
7.065729019308940906e+01
6.499691211685727410e+01
7.306444348049150506e+01
6.620552307477981913e+01
5.870081033117865132e+01
8.533932070711576046e+01
6.985519970638200959e+01
6.614490069110651405e+01
6.652577921342123091e+01
6.542410837295001613e+01
6.929071811663263247e+01
6.967134860777665040e+01
5.980128339240924618e+01
6.113405638776515616e+01
5.531804069815024860e+01
5.611556532551876586e+01
5.542438473228446583e+01
6.920700327298426657e+01
6.503021928197692603e+01
6.497191128066998544e+01
6.380968330405070787e+01
6.076813749491916639e+01
6.397893789826348154e+01
5.797049995056076455e+01
6.935224046815226018e+01
6.658184795790062083e+01
6.990975868209659438e+01
6.054416216773338277e+01
6.116292970551691610e+01
6.532931333373026916e+01
6.021248809971312710e+01
6.338488314956771319e+01
6.587116648071010161e+01
6.423038298394061485e+01
6.675289342028686690e+01
6.840961165870002958e+01
6.470384901293530788e+01
6.326213477886032166e+01
6.140098886666421407e+01
7.146569380364570634e+01
6.807123517781865019e+01
6.497676849921953135e+01
6.638358641459447540e+01
7.181054463137769517e+01
7.100514150499431310e+01
6.485457215127311770e+01
7.044379454763274850e+01
6.308835678380326328e+01
6.504080683701741350e+01
7.039342551591033725e+01
7.190411308807726698e+01
2.261863801769296956e+01
2.445509514272932705e+01
1.925826170298387296e+01
1.767031169767998122e+01
2.245877577969804406e+01
2.032112562547990819e+01
3.052257255181675077e+01
2.987326579181129560e+01
3.991010257010167805e+01
3.987531132078468943e+01
3.331603318157431204e+01
3.224871645330689773e+01
3.060608644448511839e+01
2.580310636770445853e+01
3.330488124131500172e+01
3.470345099640248065e+01
5.852806779473571197e+01
5.643049316740700760e+01
6.334419667597727255e+01
6.386093091870861826e+01
5.608897514123160022e+01
5.406927797651407985e+01
