4.211072233142342469e+00
2.786880464201926699e+00
3.167401210484021234e+00
1.381925640696024749e+00
2.346676470515412394e+00
2.865233000670930785e+00
2.695261379853331363e+00
2.020663349748370585e+00
2.431049624938106390e+00
3.105894552874127079e+00
3.776094324430001592e+00
3.305052755896013217e+00
2.109646743811912639e+00
1.433937320118862768e+00
2.109471267693889374e+00
3.508122973179608639e+00
2.380005806341287666e+00
2.168043159315620194e+00
2.778931370008804969e+00
2.782647898454046587e+00
1.778501854962974971e+00
3.171594070107189633e+00
2.681466247929846780e+00
2.565259952249794750e+00
5.021289289952274970e+00
4.150122807231514166e+00
3.100047272309158330e+00
4.329503124590234897e+00
3.126024400908062884e+00
3.031802883771908430e+00
3.908377399483467407e+00
4.045364425900708660e+00
3.546172791032592642e+00
2.796898043983605309e+00
2.988577574244220436e+00
2.764365336375444127e+00
3.136899638612737462e+00
3.363904240818742952e+00
3.490474311539927932e+00
2.992008873282642867e+00
2.260420333880469368e+00
4.316451588145302054e+00
2.730457657159576002e+00
4.622443552300371294e+00
2.622391674870685918e+00
2.900580421493303529e+00
1.880523685579343462e+00
3.202721971890745145e+00
3.216551269008737890e+00
3.484374414854389812e+00
4.138340172673302675e+00
3.216727191797432717e+00
3.159487511408985316e+00
1.854445650726633588e+00
2.906705094399617550e+00
2.916601367601103778e+00
2.405086407926676273e+00
1.999544177857412564e+00
3.372241451675874746e+00
4.101860124644264083e+00
3.523519859763417639e+00
2.387722369283318269e+00
2.325619630603942500e+00
1.595881693455266648e+00
2.210197478795000503e+00
2.165450135782640562e+00
3.009182918556256414e+00
3.032232429998833023e+00
2.717042525057132618e+00
2.388322211922531135e+00
2.140163674294396579e+00
3.361307460800258440e+00
2.859032975403484222e+00
3.310442041934856583e+00
2.835340622296228297e+00
4.907870681432881632e+00
3.367807266997688398e+00
3.410072329413230019e+00
3.932717004644110226e+00
3.952467378900950568e+00
1.983204764735654990e+00
2.098928651710628923e+00
3.026276438500616450e+00
3.260733447292476050e+00
3.322302119904047668e+00
2.461122498138855974e+00
3.460217909450196583e+00
4.590156873982535579e+00
3.033488372132514321e+00
2.957426512863420065e+00
3.655873858744405513e+00
3.974615594649418160e+00
3.675881131981921790e+00
4.167775031487278348e+00
3.203171415072667561e+00
4.856110119226666022e+00
3.081510972054907871e+00
3.487774193052770588e+00
3.343642891130357953e+00
3.773039214943953557e+00
5.562096107780981624e-01
5.989703490213753589e-01
1.856958783625079282e-02
8.381461185585382945e-02
1.738042653366727100e-02
8.286622837961961363e-02
2.168350817408589926e+00
2.083805659242731867e+00
2.529250313723773402e+00
2.548344850494200564e+00
1.338307476069806379e+00
1.086873580806901440e+00
5.737274308236973708e-01
3.690474489572602157e-01
1.462258429827812733e+00
1.546099053377068655e+00
4.949067054629439966e+00
5.055834869779700647e+00
7.982105962882997119e+00
7.677638981818745378e+00
4.326643552400232906e+00
4.267326880810196954e+00
