6.955044003033145827e+02
8.115077736251595297e+02
8.863800962812396165e+02
7.258393498722662116e+02
9.013812165653497459e+02
9.123420516335306729e+02
7.657101262453879826e+02
7.278347602784299397e+02
7.902011238315520814e+02
7.993378189673341012e+02
8.260242475544871468e+02
8.132927682650853285e+02
6.966345136758113767e+02
6.213286807985539326e+02
6.495017809002009699e+02
7.724338276873894529e+02
7.244062331467829381e+02
7.087682870999562965e+02
7.364463958280830411e+02
6.884576072185194562e+02
6.356660427188227231e+02
7.600297934599503833e+02
6.913723426662924112e+02
7.487697358386072892e+02
7.226490566412632006e+02
8.845120521173955694e+02
7.542598205689274664e+02
8.013926303669558138e+02
7.127366006492233055e+02
7.024523481320518385e+02
6.589403934231620497e+02
4.828300974290223166e+02
6.879495646046522097e+02
7.484832336579418097e+02
7.811957007563855768e+02
7.885735069138391964e+02
8.222453406991712654e+02
6.859770328710256990e+02
7.713177491655213771e+02
7.796868446375372059e+02
7.358222278153268689e+02
7.414465148690781007e+02
6.860420086657128422e+02
8.353545198067015463e+02
7.555225661750388326e+02
6.694209851675761911e+02
6.807896539157427469e+02
7.461296323439740945e+02
7.737705461285138426e+02
8.671952739756502524e+02
6.168668948782010375e+02
8.490106685601849676e+02
7.254208744574629009e+02
7.381992696606647542e+02
9.978781630158102871e+02
8.165609120553128832e+02
7.388981482381849446e+02
7.095426478593043385e+02
7.791306519496256442e+02
8.803538599668609095e+02
7.813763262721670344e+02
6.628080783158442273e+02
6.362233531177367922e+02
5.804634216917479534e+02
6.433765205799526257e+02
6.266506372834927561e+02
7.583857705794097228e+02
7.218094411034503537e+02
7.169973009922525762e+02
7.055097662141555475e+02
6.316514819322708263e+02
7.611071715145537837e+02
6.689126662198369786e+02
7.841821466866342689e+02
7.198214950638603113e+02
7.800835591248987839e+02
6.976752246916294098e+02
7.267977295463400651e+02
6.349607697193316653e+02
4.917782191223711266e+02
6.446714877991593085e+02
6.930112209596495632e+02
7.417858128628420218e+02
7.378969436793776140e+02
7.063509410757907290e+02
6.581054346009381106e+02
8.329375784832704994e+02
7.859783566332990858e+02
7.736110531491260645e+02
7.603811387068114982e+02
6.791224413377000246e+02
6.491396045763642633e+02
7.832298459216603987e+02
7.277350600091765500e+02
6.969595792626904540e+02
8.194933203957798469e+02
6.605487247259274000e+02
7.127889810428360988e+02
7.935054386615753401e+02
8.539585341353295007e+02
2.223578799321101371e+02
2.588254162715031725e+02
1.360175473114539955e+02
1.760436880277550813e+02
1.779335893329821090e+02
2.014934263683500717e+02
4.274664494005991742e+02
4.258504207839428659e+02
5.703814381681955865e+02
5.423370301294283991e+02
4.285317718505859261e+02
4.064437115812954744e+02
3.087846782908720229e+02
2.658763687778526901e+02
3.901621838187195976e+02
3.584654377089128729e+02
5.854867212141191430e+02
5.332639890962000209e+02
6.067765298678179988e+02
5.528670073032378696e+02
4.842605015656564547e+02
4.514306822406392143e+02
