1.191329995172381723e-01
2.178301439735228218e-01
8.678682601852868994e-02
1.142323507846435271e-01
2.245016680245857932e-01
4.328196602581110830e-02
-1.143705826490091504e-01
1.558164802306112318e-01
3.494701583916053761e-02
-4.032578877437762582e-02
6.417413857645731801e-02
-6.938948378291216745e-02
-1.340835329308540380e-01
1.949996910689068622e-02
-8.237734118703134156e-02
3.283599025189282150e-02
-1.257864381805587628e-01
-5.968332966923755450e-02
2.012260532403359059e-01
-1.133713747490270873e-01
-6.139521694016321363e-02
-1.499367707258674742e-01
-1.640262199049814795e-01
-1.252608071145752122e-01
9.914311449373117147e-02
1.417097831049119183e-01
-3.096958247563482702e-01
-1.542841926302711553e-01
1.155921594585350085e-02
-3.236262442105364290e-01
-1.067667761559217138e-01
-5.374846911249267500e-02
-3.727619542855911856e-03
-2.672680901631407924e-02
-2.347104475886735986e-01
7.913755537236813464e-02
-2.521873934380925494e-03
3.458563079324143003e-02
2.396203336915951262e-02
-4.174108566135729254e-02
-9.884929207345899416e-02
7.271676767169964195e-02
-2.153760066492085012e-01
-5.643976398342880063e-02
-3.547322749002376208e-01
-3.456030546325695174e-01
-3.158813632489677614e-01
-3.739603298698663258e-01
1.243043962197335484e-01
3.932851537247820245e-02
-5.136412739589191201e-02
5.603134887396396535e-02
7.482369263547229699e-02
2.126267075420986696e-01
8.970304042607457617e-02
1.072499911802468099e-02
2.388047497704825772e-01
-1.574580088372300873e-02
-1.980888824560314565e-01
-2.572604865630181981e-01
-1.684537071068435421e-01
-1.937296619431877476e-01
-2.777216864647124028e-01
-1.547684066310332507e-01
-1.654276807349162326e-01
1.036515709398118795e-01
-1.323952456766619434e-02
-1.800995508649127219e-01
-1.333056220899522804e-01
-3.059128128192966159e-02
-1.120657262828142070e-01
-2.089230041443738695e-01
-1.727949566062385867e-01
-6.018531610852003583e-02
-3.681906458918236535e-01
-1.687842679671898438e-02
1.867934005884316906e-01
-5.913626399310839554e-02
-1.304692171335843365e-01
-9.764804196346642262e-02
-3.471095876830500027e-01
-4.018757428635839901e-02
-1.605949533837037202e-01
-1.420634840260855680e-01
-2.497870624682912433e-01
-2.926683699087672674e-01
1.099428992609737532e-01
-1.212864185279613621e-01
9.486144847861956164e-02
-1.447442477023359875e-01
-3.506780086254446954e-02
-6.227354805864777215e-02
-8.994300329932468710e-03
-6.812546395306144642e-03
2.718496749091619744e-02
1.521711361905015922e-02
-3.251437853827557345e-01
-3.562793513207170859e-01
4.075558385310718013e-02
2.473782219365112389e-01
1.190461159850924461e-01
9.784320302498646094e-02
9.151647991404451843e-02
-2.128267996283113028e-01
2.851232250931819839e-02
-1.657192284418713413e-01
1.981664109795083506e-01
-1.230709747367552363e-03
3.619117607774499645e-01
-8.707025177487426326e-02
3.236403044877630419e-01
-1.387110269036521126e-01
2.882414275013348570e-01
-1.807021741086328459e-01
1.697587170742872742e-01
-4.776773792167377485e-03
1.134308981106480971e-02
-1.147346843732351684e-01
3.860518669243901968e-01
1.282336164451408078e-01
3.178255174632284019e-01
-1.010627620593713971e-01
