-2.681083796459389143e-02
-3.443560900872877362e-02
-7.710124024133045706e-02
-3.157630007780522219e-02
-1.228062721415578012e-01
-2.691582917941720554e-02
-2.060121736727980601e-01
-4.948436374521714837e-02
-1.987724085521129502e-01
-9.548897790037431943e-02
-1.262397697556771059e-01
-1.302797863525204103e-01
-1.604679818201751595e-01
-1.816477716878768522e-01
-1.055250181602928466e-01
-1.632416001027794106e-01
-2.401507552634673526e-01
-2.200754044116842445e-01
-2.670743598929186530e-02
-2.043869675839843081e-01
-1.567334008938258416e-01
-1.158687960561682745e-01
-1.701682643777809312e-01
-1.770452845172599543e-01
-3.843717115325490791e-02
-5.902282361705614433e-02
-5.312600790845746490e-02
1.407123761090005309e-01
-3.938530804062712748e-02
-1.331035842043233608e-01
-5.351017375483624328e-02
-7.245532394263645704e-02
1.467013187786698862e-02
-1.552124236729846007e-01
-9.193269282519091201e-02
-9.604733889083728882e-02
-1.950140262617626116e-02
-6.629479692572852467e-02
-6.462866391462114557e-02
-1.928714796485133387e-01
-1.948368433614887929e-01
-1.453484757148916506e-01
-8.582235885629370398e-02
5.238617679125742721e-03
-1.294271058208137370e-01
-1.464093336844474458e-01
-2.119156004631301549e-01
-2.259978336639202612e-01
7.034170169159485730e-02
-3.368863878681024188e-02
6.580172423934364800e-02
-4.499589092137366159e-02
3.684112470188020266e-02
-3.860778893975846948e-02
-1.103351276477263776e-01
-4.278135256974437833e-02
-7.801129707968272597e-02
-1.815960834590163997e-01
-5.574667456876921529e-02
-5.204053647235443864e-02
-9.475812647741847783e-02
-1.294661758097448434e-01
-7.772658257580208896e-02
-1.317177629399012284e-01
-1.258368295952340954e-01
-8.609834227067045265e-02
4.008368882427480739e-02
-9.901348196055866080e-02
-1.077866273749673448e-01
-2.386472213349027371e-01
-2.499604578409417299e-01
1.233031359661205043e-02
-1.589248350472228788e-01
8.075407196021823497e-02
-1.636875590533663494e-01
1.143942157218812983e-01
6.473866330804457780e-02
-8.293199485695046391e-02
-7.403191390752716927e-02
-3.925059366613228851e-02
-2.545014051326808802e-01
-6.043586460008479322e-02
2.633113643516486399e-02
6.520056124656634089e-02
-7.402652857087956006e-02
-1.324199144947189044e-01
-1.277072537376007337e-02
2.970212802383078582e-02
-2.378607778835926945e-01
-1.861920622116206405e-03
1.127729390507460107e-02
7.058563925624071478e-02
9.398703149209178265e-02
2.367562586974893482e-02
5.929632926237515811e-02
-2.699895890988565986e-02
-1.421279594500168553e-01
-9.969044303597045242e-02
4.557954212507505862e-03
4.891995226303025301e-02
-2.927486137307893851e-02
1.312640613133016047e-03
2.823261874085613438e-02
4.135343007257451242e-02
-5.792937976749320053e-03
5.223708280495235196e-02
1.233984915558311996e-01
1.272318243818902073e-01
-8.914216831062031499e-02
5.146787946404214609e-02
-1.392117265047448926e-01
5.962691560514392364e-02
-3.465674962182460628e-02
6.017080329778328601e-02
4.438549028151730913e-02
7.643076011264533787e-02
-1.372279015860238850e-02
7.795555698110603893e-02
5.858834739956364501e-02
5.120126529800472781e-02
-8.125407990644362144e-02
-6.113827486439754599e-02
