3.157828799320487434e+00
3.503642889778487923e+00
3.471773089363229481e+00
2.750500137685111479e+00
2.806603579021087924e+00
3.645109185795534668e+00
3.405278527534767452e+00
3.194023559973405479e+00
3.411649041942627303e+00
3.461127714953712520e+00
2.638404203172262541e+00
4.021728301472295541e+00
3.318887914386269067e+00
2.828288369655217238e+00
3.312732055047761914e+00
3.702133362792614513e+00
3.561474348757393216e+00
3.245918950988260665e+00
3.585420620214675669e+00
3.782748730596955600e+00
3.102785567760763641e+00
2.895059786755574738e+00
2.797647811290822517e+00
3.608855887615418201e+00
3.382359331475274900e+00
3.713381015117098727e+00
3.690144021281578368e+00
3.679772616662562612e+00
3.847676901551257966e+00
3.546846244037013651e+00
3.498200188302848623e+00
2.841283054510620687e+00
3.822951022739601523e+00
3.400665658173096073e+00
3.449606347228869385e+00
3.876804718681101214e+00
3.343958432480899745e+00
3.822427750316333750e+00
3.791596158602115185e+00
3.783645295312861645e+00
3.232855846993488491e+00
3.450873797652909136e+00
3.834499451900697409e+00
4.089051154045755254e+00
3.659994226312125232e+00
3.611258391467994766e+00
3.504348394171510783e+00
3.140402228303611931e+00
3.697207798203211215e+00
4.369240687483471497e+00
3.533801023760407389e+00
3.915677333674762561e+00
3.454859051258579061e+00
2.775585265377506161e+00
3.870256523263387649e+00
3.350045588293245835e+00
3.249503452978641072e+00
3.123095454081808331e+00
3.711656188638003506e+00
3.899233877510573709e+00
4.103349140433009801e+00
3.113231117905283618e+00
3.313331612844232499e+00
2.732099558872959300e+00
3.395370260092326564e+00
3.236046801378674065e+00
3.318100299073194037e+00
3.717606650720272299e+00
3.436044086126385455e+00
3.577875891243705198e+00
3.635128542186900624e+00
3.522919383971228058e+00
3.082471069646453454e+00
3.692816562002493086e+00
3.362444554159500054e+00
4.127101099081555091e+00
3.187943530539206982e+00
3.244102594262809891e+00
3.609988671431518803e+00
3.081149397667831913e+00
2.544678276757746715e+00
2.912085633238507665e+00
3.729529985733280650e+00
3.832708535143730888e+00
3.794084038817182147e+00
3.200733742045670738e+00
2.586300745218975017e+00
3.185930900249319908e+00
3.978165042557209929e+00
3.543699827037323224e+00
3.755368217623937355e+00
3.812044299517062473e+00
3.856792447534523660e+00
3.749309888998554552e+00
3.818105241475191036e+00
3.834150583342339491e+00
3.496004255839076258e+00
3.453276025875056554e+00
3.444809485125821968e+00
3.757090909188070427e+00
1.278342524973245853e+00
1.357053329929327257e+00
1.083088910207152367e+00
9.771322424429050857e-01
1.277569435928997299e+00
1.081266684546357215e+00
3.056011144225054377e+00
3.303401609994208510e+00
3.739397555697136166e+00
4.398587850673260746e+00
1.686432650007984924e+00
2.485723211238645369e+00
1.146021261372986988e+00
1.391024791228939073e+00
2.504774324726006363e+00
2.550938235505402663e+00
2.445743041267017137e+00
2.603114827456631364e+00
4.518589073326438665e+00
4.488145993277430357e+00
3.339078388861880686e+00
3.552181344140659558e+00
