1.293752636679683876e+00
2.641314909125216243e-02
4.881755197801554425e-01
6.839354214683237565e-01
1.009032782635737924e+00
9.616302808690452286e-01
-5.397524894331070522e-01
3.435303049990985902e-01
-6.184190096220936184e-01
-7.925559398445669590e-01
-1.909080888824198352e+00
-6.630223419378324934e-01
-5.901044706293081532e-01
-1.135993417156370144e+00
7.791196361972879680e-02
-4.680161810076586271e-01
-1.624323974472361654e+00
-1.368267033856677584e+00
-1.357480276807695008e+00
-2.450752386854266884e+00
-1.059213165436637460e+00
-3.344354987321163653e-01
-1.214068654071853715e+00
-1.191662242965648266e+00
-6.173321986218477386e-01
-1.471722303114123109e+00
-1.245666332382092456e+00
-1.071593387067810571e-01
-1.040993680773517026e-02
-1.682683466935483096e+00
3.167118144799581647e-01
-3.077370752875550550e-02
8.180252809122384727e-01
-1.979266095348817922e+00
-1.237154300229899306e-01
-1.747891863737956131e+00
-1.488936522459820111e+00
-1.346055956987234348e+00
-3.399121272820758710e-01
-1.270387612820900625e+00
-9.601646633036589051e-01
-1.251964932367224614e+00
-6.401927279533302720e-03
-4.754779666161937368e-01
9.639842707961679968e-01
-1.598145828018394665e+00
-6.147541934251785634e-01
-4.239952685469288163e+00
-1.519403668036297006e+00
-1.249252560397738021e+00
2.264196152782236293e+00
7.827884838375706034e-01
5.675667081024501348e-01
2.565809362742208499e-01
1.717269387356070487e+00
5.778534022476973231e-01
-4.384804694801427982e-01
-2.173988429982154080e-01
1.623133535913127146e+00
4.341175880752691785e-01
2.300013176652769165e+00
2.287713410027766514e+00
1.814943575859069735e+00
2.791841463389130307e-01
-4.580184153928101298e-01
-4.459002930777413720e-01
8.529679172432299561e-01
7.562000340947481192e-01
-1.219002372020489000e+00
-1.137590401804738693e+00
-1.226344189586937139e+00
1.559799373353439655e+00
-4.284181940940118838e-01
1.195084234291219349e+00
5.996271750446041660e-01
1.415142820646388744e+00
-6.706554912826390158e-02
-1.024633738333954103e+00
2.179567413762630412e+00
1.319297125922103964e-01
-6.883698542519370855e-01
5.564369555235407772e-01
3.380523363714329488e+00
2.056189666584997688e+00
3.657607692367951246e-01
1.155276647115823785e+00
-2.463743442922779359e+00
-9.165327917009391534e-01
-2.780415088288290981e+00
2.028324039330400286e-01
1.718266836735380831e+00
2.875728431542062591e+00
2.698543992995885432e+00
2.882970371553974953e+00
2.275372024136360416e+00
9.625468855350826081e-01
-6.479058386487710486e-01
-6.400566029454408667e-01
-8.152885087039491996e-01
-5.429857435902639695e-01
-5.196800231933593750e-01
-1.526192347208658928e+00
6.345494877208363027e-01
2.689930085212953736e-01
0.000000000000000000e+00
0.000000000000000000e+00
1.791238005264945699e-01
-1.156500949654527821e-01
-9.480636126834276478e-01
1.196689199632213985e+00
-6.286815721161510828e-02
1.463055572509765589e+00
2.203471592494419706e+00
6.503582000732421875e-01
-6.856731189194545904e-03
-8.030535125732422008e-01
1.566976457130251799e+00
1.484670953233112600e+00
7.472818493843078613e-01
-3.251568317413330300e-01
1.045250742888647721e+00
7.751298068968717203e-01
