1.581446356106403250e+01
1.239329099960861136e+01
1.690531811065179468e+01
6.269503221762017908e+00
1.235469353287451710e+01
1.604780383915282371e+01
1.176602422749518873e+01
9.172162856036504053e+00
1.168340494364666426e+01
1.299563546212826814e+01
1.636134884342067508e+01
1.387493856752091936e+01
8.447586447750435212e+00
7.739620202322959663e+00
9.029886479977122349e+00
1.402653017718561657e+01
1.050486627076643131e+01
1.035351910878702242e+01
1.130647253702860411e+01
1.221001876176292633e+01
8.463993866070405048e+00
1.129415295280033149e+01
1.005450503683385755e+01
1.143488352185120149e+01
1.807087661589629946e+01
1.778353627774347601e+01
1.335543541695780867e+01
1.656240576404758968e+01
1.443133104259426780e+01
1.135568673183477095e+01
1.771790773168577360e+01
1.343019607299277851e+01
1.318925944998558997e+01
1.250338948276799300e+01
1.320313586521051086e+01
1.262923194313988340e+01
1.648387490881613360e+01
1.500989146923407702e+01
1.456862314095202748e+01
1.221439378403604081e+01
1.195868396569037984e+01
1.753087898393253496e+01
1.269440106061757234e+01
1.985697640327842350e+01
1.658411467659202998e+01
1.139426240699217807e+01
9.076166145380453187e+00
1.211918029913245221e+01
1.863698958577443676e+01
1.960366155288557266e+01
1.620680570805353327e+01
1.486235940157633273e+01
1.399576787124100363e+01
7.488386786357735581e+00
1.689603556187687872e+01
1.395825231861051741e+01
9.948923549471565764e+00
9.635727124339124927e+00
1.580852362668153965e+01
1.977921881655741032e+01
1.545141781933006619e+01
1.024204281451323517e+01
9.834235761218758753e+00
8.488963944870798528e+00
8.329081476691204244e+00
9.480171066397685919e+00
1.406740010159338183e+01
1.396061499756458879e+01
1.356763282833599504e+01
9.811235909046652992e+00
9.192619113668760278e+00
1.487448747898698365e+01
1.177584885653640256e+01
1.632800077553838491e+01
1.436201886397744154e+01
2.018545810161490905e+01
1.608663712771059195e+01
1.334898574042574815e+01
1.821446141559916754e+01
1.426094343830119548e+01
1.153474413761451167e+01
1.078209575021728206e+01
1.653667099821564435e+01
1.425671908070546046e+01
1.433875663343531492e+01
1.140978852780157382e+01
1.881089795229319606e+01
1.590042180786105419e+01
1.445045847856770749e+01
1.429481232280273595e+01
1.558491854846305280e+01
1.720388405067354043e+01
1.818362831465635310e+01
1.722892100612322608e+01
1.322552443770248232e+01
2.037991902819483414e+01
1.184740877006510651e+01
1.263891226109347699e+01
1.820115373075040921e+01
1.994575094737228937e+01
1.340057206506441823e+01
1.282290969996459040e+01
1.492538959780682006e+01
1.556723603352164709e+01
1.213650057645281777e+01
1.117712553088495042e+01
5.184101277159421528e+01
5.381956650978049339e+01
6.404756256590536623e+01
6.606781008785939946e+01
3.962693370036008389e+01
4.129795544991962686e+01
2.523430119856493548e+01
2.436019163323743797e+01
1.321382643407465984e+01
1.441411506371866302e+01
1.151224515111882418e+01
1.164443093282759989e+01
5.041262144208996432e+01
4.896646065911530599e+01
1.799790874959159481e+01
1.945439053442353483e+01
