1.055535391930141342e+00
6.714507955798405536e-01
7.701233690647506513e-01
4.681905706675738577e-01
5.730759231676194609e-01
5.979314607910577450e-01
9.243701102593174790e-01
6.907972418637051693e-01
7.389939614106453281e-01
1.114306689997577093e+00
1.306834402895713731e+00
1.166450294135770172e+00
6.774931523212112117e-01
6.107779030933114806e-01
5.584694601258883839e-01
1.131411496573196285e+00
9.969065331142807906e-01
7.839787061611682706e-01
9.265753839045919316e-01
8.920674112442703585e-01
7.454094959598739356e-01
7.244484650426875616e-01
5.729810290538779327e-01
1.095068149705177074e+00
2.097177164061240440e+00
2.045313021123480901e+00
8.019351097504335835e-01
8.250176960122469483e-01
7.808139945863900033e-01
6.562653294840604667e-01
9.522607010583925558e-01
1.288032125384690474e+00
1.243226432937382553e+00
9.049804716519462833e-01
7.829942403724965416e-01
8.030408335873341352e-01
7.462969651666854221e-01
1.443130561002571532e+00
1.362042271726351839e+00
1.191492428298720263e+00
9.904102544249623330e-01
1.534000497344303549e+00
8.005866881446606076e-01
8.694579275680933694e-01
7.739226960287894919e-01
6.427971071843801010e-01
5.802781222769447522e-01
6.137677361646790564e-01
6.076159391870132875e-01
9.058374108674162040e-01
1.003124820016762397e+00
7.789853475430299490e-01
1.047319679971898898e+00
5.310971323297268842e-01
6.115060525607797226e-01
6.051027906303347859e-01
7.632427397549992332e-01
7.124502061540300968e-01
1.102196344579077891e+00
1.592246510195664655e+00
1.060562199515446169e+00
6.120007874461914632e-01
6.042510627378671062e-01
5.829228464222021566e-01
6.841872010479831401e-01
5.279403355108680529e-01
1.066640010798918015e+00
9.391570580353049147e-01
8.654951042433438602e-01
7.912896642351027188e-01
7.697124296118598163e-01
7.305705062582900089e-01
5.586364048855115838e-01
1.168722550687583572e+00
1.004084089277117231e+00
1.800410049018453140e+00
7.089127973422952866e-01
6.564676680352610205e-01
9.685255740847906747e-01
1.306828288346381095e+00
8.494936604126256396e-01
8.877816355486868316e-01
8.206399823934706905e-01
7.639692672164988263e-01
7.638455680342344234e-01
5.597025401100128583e-01
7.072183727434312450e-01
8.167264052551399534e-01
8.477144589316749634e-01
1.063931618099283272e+00
1.263818657691362590e+00
1.451799182387113252e+00
1.363451430651142937e+00
1.128059145048830425e+00
7.606731273563507312e-01
8.646484783534748031e-01
6.623594483220193174e-01
6.180246256738100019e-01
6.162076527333184561e-01
8.348560401530085162e-01
2.536656125483904400e+00
2.470951545855943898e+00
1.681616544406379310e+00
1.403117897595739461e+00
2.024146815720182957e+00
1.653916450482418865e+00
1.283090977314502545e+01
1.290404320451099807e+01
1.462198495025142186e+01
1.442249010119725305e+01
9.547576840426666323e+00
1.120521913604095765e+01
4.565139422102540756e+00
5.537128812962103019e+00
3.177226660831196536e+00
2.998789399086537966e+00
1.033814000087143636e+00
1.044290258981607877e+00
9.294111057018426436e+00
9.283551021377387968e+00
2.551611923212055544e+00
2.698464848614695377e+00
