6.426632526279468038e+01
7.065142668444092067e+01
7.469708794626387771e+01
4.352372192065083567e+01
6.953595395045890371e+01
7.707877444059022309e+01
6.105968406847714647e+01
5.627275106239375901e+01
6.427483665817274527e+01
6.226388993531676874e+01
6.555294012096139511e+01
6.390853230134644747e+01
5.210195047437483851e+01
4.649589569641858589e+01
5.043369087832353870e+01
6.595773483565498907e+01
5.791369686714383391e+01
5.684488063610396580e+01
6.335880681284553617e+01
5.902726675709950399e+01
5.067946998975142492e+01
5.946498783883878758e+01
5.425152015494889213e+01
5.944353326559675565e+01
6.536300819867187784e+01
6.785994388850953385e+01
6.079907454860406801e+01
6.170564771084507782e+01
5.692513393670473221e+01
5.640793172033980341e+01
6.172565916535166508e+01
5.467086561715285598e+01
5.923719047447139019e+01
6.330595057914873536e+01
6.031531849758408015e+01
6.557299479318730562e+01
5.817754028877141081e+01
5.817273297338535798e+01
6.742060594712091870e+01
6.247124718080340244e+01
5.772302498703372464e+01
6.758425008516115895e+01
5.391326914700361783e+01
6.791313852165690435e+01
5.269297253960159821e+01
5.353331246412457745e+01
4.978352258075862125e+01
6.080896584985354991e+01
6.380313199304511329e+01
6.948991433735380951e+01
6.306920597274674378e+01
7.244517283915652683e+01
6.204743320156872244e+01
5.127419617010335884e+01
8.487589311032662920e+01
7.001938987910587286e+01
5.866912476755743455e+01
5.857757196448167036e+01
6.315347144946866109e+01
6.574421037193626205e+01
6.498146604836644258e+01
5.357529068401137806e+01
5.504023436640758149e+01
4.501298650168941862e+01
5.086169352411207711e+01
5.069640700100651287e+01
6.181889234060147942e+01
6.212907219791473068e+01
6.104923629878263114e+01
5.680795537694791619e+01
5.100603435246843276e+01
6.074177075738242593e+01
5.397287676786140054e+01
6.451058193562175802e+01
5.890511005473539541e+01
6.857210827615054427e+01
6.061431321039398057e+01
5.887488329133209675e+01
6.104760445661396062e+01
5.546060473291449000e+01
5.168835049674891735e+01
5.307825263771292157e+01
5.381848069490833097e+01
6.003121104104913286e+01
6.002539200847601109e+01
5.417102172457747145e+01
6.418776745701175912e+01
6.411542488764847292e+01
6.853602430593073791e+01
6.169667585633843743e+01
6.107526498355152000e+01
6.252075510930245628e+01
6.976468005490815472e+01
6.693046984259900967e+01
5.909274286820318167e+01
6.906676368516392017e+01
5.177705181482311048e+01
5.934833307991100071e+01
6.685508510426664941e+01
7.238023502369608764e+01
2.316212565731787620e+01
2.455481073504563483e+01
1.919162024451690485e+01
1.864227337122954253e+01
2.171114219061633577e+01
2.091343462193278668e+01
2.999675482573410079e+01
2.824068612585378091e+01
4.116034646438721012e+01
3.919831454539131954e+01
3.439332550008420952e+01
3.177141241092882140e+01
3.117786402107217469e+01
2.570927881340596599e+01
3.260450110913258470e+01
3.435982543047681759e+01
5.621603829011876741e+01
5.438462474904577704e+01
6.264909874343366880e+01
6.254398582959216668e+01
5.438031565239321452e+01
5.256848349328422643e+01
