3.435461952023162979e+01
3.325514344327856264e+01
3.197322844834933875e+01
1.905180539571728815e+01
2.880721281539332068e+01
3.109167241490564138e+01
2.712246262296335075e+01
2.327466177386249413e+01
2.958774291861213968e+01
2.876424418005255390e+01
3.457847387538262751e+01
2.921738606741741862e+01
2.465323988701637603e+01
2.178891518774483416e+01
2.874161245074481386e+01
3.258151091788950993e+01
2.413079482363434991e+01
2.541938964831776815e+01
2.956704007854369465e+01
3.161777183222447363e+01
2.311602302546620535e+01
2.765703353354652094e+01
2.690766582862350731e+01
2.630147621846751704e+01
3.423525754887277373e+01
3.592018833022382296e+01
2.565467263330229386e+01
3.733212599499123030e+01
3.403447599126379686e+01
3.091443277081927832e+01
3.048705845905140066e+01
3.088650444864297029e+01
2.991634956026927838e+01
2.759033241696971572e+01
2.689506949283191162e+01
3.113534715853707624e+01
3.389826157168825205e+01
3.122634055815846210e+01
3.242941607209998978e+01
2.772658371031653957e+01
2.364147468043541522e+01
3.345252955178770549e+01
2.393521273678465988e+01
3.848347092257799318e+01
2.184394000736584118e+01
2.320261302781815260e+01
2.001148314604126455e+01
2.708289653670761510e+01
3.128553743168238910e+01
3.567992291290607909e+01
3.480441069257050657e+01
3.273707677011844197e+01
3.169550383780157787e+01
2.335973054909656810e+01
3.293064747861759400e+01
3.118507963862914778e+01
2.612970055771682354e+01
2.561071893411851974e+01
2.938262056520849441e+01
3.490038936792741708e+01
3.019009053399550879e+01
2.607278678576306419e+01
2.556646710007060719e+01
2.115421115263893626e+01
2.520479673939137655e+01
2.915195251948494359e+01
2.822648563218334061e+01
2.930414268323152882e+01
2.831383739233969266e+01
2.652143090327451347e+01
2.580575924333045279e+01
2.874427132972642696e+01
2.668217761002842536e+01
3.087550568783145266e+01
2.660625515073475000e+01
3.699512000489689711e+01
3.474515196703186604e+01
3.283618427062054934e+01
2.974242464994434698e+01
3.048072057504352017e+01
2.119782992903401464e+01
2.137892866422632210e+01
2.315205095901603727e+01
2.775301844825555619e+01
2.573676849870179595e+01
2.232909331593221580e+01
3.478152393595125602e+01
3.680304126760592709e+01
3.309211488349570374e+01
2.849286303668339926e+01
3.251689409538260378e+01
3.383504690566461193e+01
3.412653772763616900e+01
3.234569080247420914e+01
2.751990554085513807e+01
3.711139562217800858e+01
2.211634268808603920e+01
2.686692879133083167e+01
3.202495888330332718e+01
3.619974912450093285e+01
4.866660368855757923e+01
4.718088385896783166e+01
4.218938584658057778e+01
4.308493077361163870e+01
4.149556124237580690e+01
4.191696294222746388e+01
4.988131773883386444e+01
4.401882731958905026e+01
7.223483160205090314e+01
7.370184386906355201e+01
6.804378012759895000e+01
6.163676061622252433e+01
4.981589423151116591e+01
4.592737941270293334e+01
3.275392477578592576e+01
3.231370395153858510e+01
3.373427351115405770e+01
3.362624307319730832e+01
5.983140502961035168e+01
5.641158216435997019e+01
4.355218523850308543e+01
4.272869581334145295e+01
