6.821865691881356497e+02
8.084580909803868281e+02
8.818303205198449177e+02
7.287196323544817460e+02
9.037824932674192269e+02
8.882310938353543861e+02
7.743903389800366313e+02
7.302505651722179891e+02
7.879104750739203382e+02
8.099197833903784840e+02
8.273217008883360677e+02
8.059041959869845186e+02
6.973175199089980651e+02
6.212524274175359551e+02
6.460750335594276521e+02
7.702234806759947787e+02
7.245823225719771017e+02
7.048037936597302178e+02
7.293096176095025385e+02
6.847980485892253455e+02
6.334395805209290984e+02
7.680768927036051537e+02
6.921600469523194761e+02
7.523954927318291084e+02
7.294358672103584240e+02
8.752686447984590359e+02
7.586835437233472703e+02
7.941746914866665747e+02
6.861611179552579642e+02
6.961365537051323145e+02
6.688006397332376309e+02
4.921955213248877499e+02
6.856801731013910057e+02
7.564079981689453689e+02
7.808034003071561528e+02
7.738652131453803804e+02
8.124258410446043399e+02
6.864430863015376190e+02
7.810370630101396046e+02
7.850687442189793046e+02
7.422720782802842905e+02
7.417218828482970139e+02
6.874359251463777127e+02
8.267092739622862609e+02
7.577511036065737926e+02
6.616293636160007736e+02
6.751320724969160665e+02
7.536601234287410307e+02
7.441707783445683617e+02
8.574797866932435682e+02
6.146147167229504475e+02
8.541378041593510488e+02
7.245737379517166801e+02
7.386356379618171104e+02
1.006477339346550366e+03
8.203436173018111504e+02
7.326105043188099444e+02
7.131396703459736273e+02
7.831913093178959571e+02
8.608210115084682457e+02
7.769076315123459153e+02
6.570137134657966271e+02
6.259252149165903347e+02
5.767639371795879697e+02
6.401698822627794243e+02
6.277415076684260384e+02
7.516543936057169049e+02
7.192003248026082929e+02
7.265254131938136197e+02
7.021696661054299966e+02
6.245284278700087270e+02
7.718615124108983991e+02
6.705471558187923620e+02
7.764063735630201109e+02
7.184699721474684111e+02
7.806339473984694450e+02
7.126737128013421625e+02
7.331268241790032789e+02
6.438885179388391862e+02
4.910931201671125450e+02
6.453477534933058450e+02
6.895631328402503186e+02
7.410803073125211995e+02
7.397212761631600415e+02
7.097847690602416151e+02
6.580481515253682119e+02
8.518712393080961647e+02
8.047690011677615303e+02
7.744325681242895598e+02
7.529189429397217737e+02
6.827464652428260479e+02
6.522024901458113391e+02
7.903776031784170755e+02
7.322305944318602542e+02
6.983227686541916910e+02
8.293536046184045745e+02
6.530061407432662008e+02
7.140512701408842986e+02
7.794900751023064913e+02
8.735195496593892130e+02
2.209098217303936167e+02
2.699212439121344005e+02
1.358097071154364244e+02
1.846114996205205614e+02
1.778848362972861707e+02
2.113993908110118980e+02
4.193572783546325695e+02
4.212297286181382674e+02
5.875950179100036621e+02
5.298511375084555084e+02
4.433557504364938495e+02
4.005379826793931670e+02
3.341395353429457487e+02
2.663203905132455134e+02
3.862939850060715230e+02
3.609618263727501812e+02
5.810701105864810643e+02
5.150023099788444370e+02
6.338041977882385254e+02
5.699489963531493686e+02
4.929852420888048528e+02
4.486399734366653433e+02
