7.233067009764578836e-01
6.201685146702169416e-01
7.299187708347603110e-01
3.638801876243262790e-01
5.811384879208779664e-01
7.724153416569899955e-01
7.459750029286755790e-01
5.964827436929482918e-01
7.875752183065123369e-01
8.948879897549528728e-01
9.135629940541541982e-01
1.019312886430622678e+00
6.598129759556090601e-01
5.328905724279711098e-01
6.468594170257422338e-01
7.331499909310167373e-01
7.803327533719029985e-01
6.953368703937091722e-01
8.261675116627069659e-01
8.554992176998945652e-01
6.095861236816663142e-01
8.345043557920548416e-01
6.944404860421039549e-01
8.335787991453171841e-01
9.157953190658104647e-01
1.049633042558212992e+00
8.300365017477723262e-01
9.478383308827874609e-01
9.147042216909028189e-01
7.864012817677031864e-01
7.086885222275163265e-01
6.299735460564626077e-01
6.609553945270438824e-01
8.195949718886543778e-01
8.153633044780177475e-01
8.751909217341468095e-01
8.870107973495948706e-01
7.662029278221857975e-01
8.694680262460292575e-01
8.398089750350490323e-01
7.518642242043843682e-01
9.039611574847924436e-01
7.312563079173807212e-01
9.484040849269612661e-01
6.662068593938302863e-01
7.014718474883188115e-01
6.272573094061953958e-01
7.590050407025186185e-01
7.962585972143790825e-01
1.050939002357903052e+00
6.964611035069202538e-01
7.184731758843021510e-01
7.501243360593107257e-01
4.578694446024138553e-01
7.902260412630394137e-01
7.368894264247500825e-01
6.971668109609764352e-01
6.911682665245043600e-01
9.605254197072945477e-01
1.050933964261592468e+00
1.048350980691798329e+00
6.798261591752708943e-01
6.555659249159060398e-01
5.025040423210745955e-01
6.402963786752647879e-01
6.350438139769986057e-01
8.629733816806990365e-01
8.371251711902305548e-01
7.842596037321148961e-01
7.381871940104574037e-01
6.810183956158853968e-01
8.812996421451054774e-01
6.740547148647658693e-01
9.757553772949172366e-01
8.706411640368891813e-01
1.056927376428043575e+00
9.156790233195727380e-01
8.326445070679083793e-01
7.118567024561881507e-01
6.514898311649580664e-01
6.794056733454703068e-01
7.238067946332245040e-01
6.773275255435473596e-01
7.936006216265648616e-01
7.823668399198225876e-01
6.536872085580409664e-01
9.019808924821579588e-01
9.663390791486411446e-01
9.490128225644181015e-01
8.880439724421719250e-01
7.702919657507768525e-01
8.535758979043566175e-01
9.701587267025832961e-01
8.492467374882026743e-01
7.899297800728186658e-01
1.005396844097313558e+00
6.956939419609320385e-01
7.581465137691049128e-01
8.153668146818248141e-01
1.024339004600283598e+00
1.650742682203343026e-01
1.421725865228113672e-01
3.823362028874568996e-02
9.060479908931893048e-03
1.683889564305182385e-01
1.367637513964533869e-01
7.886300414478677467e-01
7.600738807627365201e-01
8.728974744492811189e-01
9.021607186687385926e-01
4.853212615316089829e-01
5.021785416500104127e-01
2.271802252644192777e-01
2.257467776257790770e-01
5.101308016457708483e-01
4.852586442380519283e-01
6.951899103923074863e-01
6.623457986662929509e-01
8.680118692273026682e-01
8.417903764306174930e-01
6.787638623780908320e-01
6.615336223979336738e-01
