6.006119660578624675e+00
6.799594574996510765e+00
7.101959655057729748e+00
3.969298257492261062e+00
6.241936720064251709e+00
6.920887060036273297e+00
5.612209965899429776e+00
4.992325484992456097e+00
6.226616165062364594e+00
6.345397045769532340e+00
7.147593571418142666e+00
6.093596849446857533e+00
5.335049500631002140e+00
4.825853519609227149e+00
5.608936166530701151e+00
6.127140003236904775e+00
5.168315252296792117e+00
5.001681402104892982e+00
6.184647382283317896e+00
5.933867332560005536e+00
4.851290880145629814e+00
6.269516261781665989e+00
5.780901881366895978e+00
5.173067355594362482e+00
6.640249842896184695e+00
7.455628001623704648e+00
5.576333426775046398e+00
6.555413925706927714e+00
6.714633271552230553e+00
6.057660500035566109e+00
5.988058602328635516e+00
5.864564510679836751e+00
5.492798642254189012e+00
6.205972436340783105e+00
5.707189037843903634e+00
6.260516727539402915e+00
6.608260609175401257e+00
5.972319155001431845e+00
6.676321821701410641e+00
5.720464335049418203e+00
4.848662343215335291e+00
6.507423415871862460e+00
5.262989476341823902e+00
6.656723830052800217e+00
4.573275043475070412e+00
5.059968368829682817e+00
4.163203821577219799e+00
6.004052869940579740e+00
7.168824817713135289e+00
7.378967308154417815e+00
5.976365446451709751e+00
6.958839003876699181e+00
5.773894367954059526e+00
4.678053152060428488e+00
7.199802017635577478e+00
6.683117718540256824e+00
5.523230383669458732e+00
5.140350922734276296e+00
6.490106577470131199e+00
7.246498983535763827e+00
5.968851435567184893e+00
5.373796747125648920e+00
5.827085155518529014e+00
4.924295568010403024e+00
5.154469249795633701e+00
5.742145182736826392e+00
5.570165293428916975e+00
6.508938554980260527e+00
5.812407964983498765e+00
5.444722553658690956e+00
4.989564441716971110e+00
6.346200657283326052e+00
5.829587012391434619e+00
6.322765194201937611e+00
5.303085241697545804e+00
7.068219222246210798e+00
6.594603897518402036e+00
6.092812943131313830e+00
5.691608701945069626e+00
5.848118601466598676e+00
4.292459679379189375e+00
4.510274154708517891e+00
4.904701941194199222e+00
5.735685918439373587e+00
5.565944902550735485e+00
4.783995989264019144e+00
6.700474549263790713e+00
6.509575442440985071e+00
6.718115419251592613e+00
5.873633848249988354e+00
5.714988614814680012e+00
6.416662216068693247e+00
6.948320500144224532e+00
6.502422678644870224e+00
5.510139819247888759e+00
6.608573211560995198e+00
5.076900222770240667e+00
6.021094350967529429e+00
7.081998075075182086e+00
7.343914343690340907e+00
6.899056757296280651e+00
6.880399368459247711e+00
5.860007051693550295e+00
5.839260679468113224e+00
6.310770265761867392e+00
6.193198354695466534e+00
7.676402850878010220e+00
7.610242476261082523e+00
8.419179764896817630e+00
8.305887021530088177e+00
7.979549962307316058e+00
8.043958896379043821e+00
7.284707428274112218e+00
6.784412803953260962e+00
8.841402044034772700e+00
8.825548894109603637e+00
7.496813583816277493e+00
7.303966518045360345e+00
7.517565278129438866e+00
7.627948782240627779e+00
6.801613696236920248e+00
6.776518285160119781e+00
