-2.509960764119031906e-01
3.222218654502321811e-01
-4.292800475088850293e-02
5.258244061246473144e-01
6.037866091729873208e-01
-1.453591435075455296e-01
1.992821924740010853e-01
7.171833838922947457e-01
3.839677457043352282e-01
-5.752712301252006083e-02
-1.536908180487585873e-01
-1.850083259099973010e-01
1.530744857017695415e-01
4.670539231318750484e-01
3.174426473663298776e-01
1.807727784657842465e-02
3.190929342129426860e-02
3.317998390428515409e-01
5.560588781170291428e-01
3.333849690009708655e-01
5.816975490018291284e-01
-2.765190655139772580e-01
5.330547798230153567e-03
-4.707500305351697278e-02
-2.455681723699314756e-01
-4.580433926148231305e-01
-3.341645268382497647e-01
-2.158962602740504555e-01
-4.442902593602737760e-02
-3.058327749444951851e-02
-4.340393657105103831e-01
1.110071808605039671e-02
3.317676462924505909e-01
3.322391888667156068e-01
-4.389914780834857644e-01
2.792522489519715934e-01
-4.991342410097832083e-01
6.279190562921757590e-02
1.280518085338849255e-01
8.937383765015143033e-02
9.114318898193884966e-02
-5.925270843538378296e-01
-4.637609302262055699e-01
-5.448824087115027304e-01
-4.222877825714743683e-01
-3.447246310727188900e-01
-4.057018354680622108e-02
3.970089450690337390e-02
-1.343442317499201621e-01
-1.067585856279465589e-01
-2.679428736082782939e-02
1.145553841683733115e-01
4.445104095358185514e-01
5.912033406544268122e-01
2.126544760405928158e-01
-1.047741640203695840e-01
7.439865542652660535e-01
5.207874219614543332e-01
-2.261873115958637215e-01
-3.294383100320060764e-01
-2.577399310480051331e-01
3.136806516798541777e-02
5.047989112369848097e-02
3.365085770419756206e-01
6.533754898306295411e-01
3.123037911331796868e-01
3.619136331027540954e-01
1.361240449747993242e-01
4.455826465167443962e-01
3.154578811988417719e-01
4.603311812053575425e-01
-3.985694744406814705e-01
9.093900273233629372e-02
2.072343730884685098e-01
-2.548607467371806767e-01
-4.057214488294433874e-01
-9.414266339522725513e-02
-1.343622047058702085e-01
-2.890438829258439313e-01
-3.609093905082182141e-02
1.640100037527278676e-01
2.364115037286917409e-01
-3.075126601300572360e-01
-4.900408027508663666e-01
-1.996869214464385995e-03
-1.189602086391362279e-01
-4.247238484945423664e-01
-4.086283668784866929e-01
3.348835633870789752e-01
1.177395551513249761e-01
1.578291909391412173e-01
-1.590103007818264857e-01
3.090052073386889003e-02
-6.094157732180368603e-01
-4.489497369212417377e-01
-6.024061984164358341e-01
-1.824914821718576496e-01
2.635113020843491416e-01
-3.473651533077017906e-01
-2.484036174690758547e-01
6.172419600188731870e-02
-6.079620410067339449e-03
-1.426388509254055970e-01
-1.259723210767392243e-01
0.000000000000000000e+00
0.000000000000000000e+00
-2.122008090184839546e-01
-1.660177218329284832e-01
-2.151315357058808941e-01
-3.967498780235708122e-01
-3.135300980766816958e-02
-2.493944702297449245e-01
3.613988669323069808e-02
-5.196964601054787636e-02
-2.812039182385056915e-02
-1.334607894272942519e-01
-7.930429137848578336e-02
6.689249224336538124e-02
-7.426804450806230307e-01
-8.038389705121516959e-01
1.765565256942217554e-01
1.463985061518316977e-01
