1.795343335197860102e-01
2.930648027752271248e-02
3.234834943345266112e-02
-2.239172893142842707e-02
7.916622595577978150e-02
4.666244822435555023e-02
-9.166316925253283066e-02
2.585125386593798216e-02
-4.599507290588764757e-02
-8.801028876041527838e-02
-1.339219942914090244e-01
-1.006821641656998334e-01
-8.299746352975641284e-02
-1.116034768557814666e-01
-3.870811557163743311e-02
-5.358850753692186164e-02
-1.448066867635709465e-01
-1.448278011670651455e-01
-1.177076575923100971e-01
-2.272435003296179590e-01
-1.038038018651475658e-01
-1.121722491296999330e-01
-1.769879514774179430e-01
-9.497324491376263333e-02
-3.932799026759854072e-02
-1.346352721591114743e-01
-1.767197448829086470e-01
-2.083468715334161822e-02
4.142497240429326814e-03
-2.035433275455871271e-01
-4.583568316316578156e-02
-2.346562962253005355e-02
6.509419500896863886e-02
-1.912710712243195499e-01
-1.440035886882903016e-01
-1.534943956605442361e-01
-9.319196652633965350e-02
-1.459967334060937594e-01
-3.780518577027033172e-02
-1.362121163230114729e-01
-1.325730336204385684e-01
-1.426038858742388338e-01
-1.214041661339436695e-01
-1.034899333601607546e-01
-4.329031690562704093e-02
-2.281929229198157716e-01
-2.032275105977648932e-01
-3.933215490290118965e-01
-1.177951869029939952e-01
-5.508565661110261663e-02
1.917454570436185890e-01
1.599192542300025693e-02
3.592389142157891707e-02
-3.907104952191525760e-02
1.490689761675827174e-01
-4.323745489354860819e-03
-9.250342259860318272e-02
-4.702748402380840798e-02
1.189157199566549805e-01
2.659916834752067485e-02
1.565527506805549918e-01
1.393189767906691245e-01
1.378163260096006426e-01
-8.683648200154131525e-04
-5.744460608548251912e-02
-6.609286258734778374e-02
5.309951625176236728e-02
5.504143019924052221e-02
-1.173991876119983985e-01
-1.785323371678503024e-01
-1.579237018921720026e-01
9.725065594201104391e-02
-7.736004654111747203e-02
9.226141930271418434e-02
1.274529328699972909e-02
1.662643665203106802e-01
1.660215865228938104e-02
-1.141243575070835653e-01
8.317088982119959228e-02
-1.882665909649338526e-02
-1.057549881612191156e-01
-1.448396626229530616e-02
2.020892128084664230e-01
9.705181915649707669e-02
-3.006486526344512647e-02
-1.325428954638215896e-02
-1.640675728221809293e-01
-5.951576933430563487e-02
-2.558906798309232844e-01
1.343787165939894918e-02
7.548241593762146373e-02
2.206211036859605235e-01
2.194561737645974453e-01
1.672241810176168519e-01
1.109036314609051777e-01
-7.665927826389909092e-03
-1.445124354865424676e-01
-7.156479081091582373e-02
-9.547095496114217650e-02
7.309385797767894120e-03
-5.130935325406682512e-02
-6.073916948979529717e-02
5.120758632607436828e-02
7.641736968029019805e-02
9.205333153276067104e-02
9.977544347445170547e-02
-5.438180689080558683e-02
4.117039152077549627e-03
-6.915520887519750748e-02
1.366505275681905440e-01
-1.928947647102177004e-02
1.811547224180237170e-01
1.096610229133683084e-01
1.122862544487899517e-01
5.393505887811322203e-02
5.299836241368043738e-02
2.264762221004604781e-01
1.821965646697433772e-01
8.673141444887733087e-03
1.664109806879423420e-02
1.299188305770070107e-01
7.345427568734445856e-02
