-2.195913020808808094e-03
3.515373111513619107e-03
-7.665346688021250354e-02
1.485615418963434804e-02
6.697060120157158347e-02
-2.216478109803380891e-01
-1.504446426700158934e-01
1.573607197618493575e-02
-7.389244489318881615e-02
-1.848678808471230367e-02
-1.621839330746328856e-02
-1.287325838347412321e-01
-7.085555919457448004e-02
1.502823414104544758e-02
-2.908113038281968585e-02
-2.803931432536046348e-02
-1.176575249778409743e-01
-8.966659359600366586e-02
1.962493909988177743e-01
-4.981091556884099242e-02
8.653634828743822505e-02
-2.235035794541106735e-01
-1.653273320993808582e-01
2.770013056877144650e-02
-1.128810658276275386e-01
-2.165878061606201499e-01
-1.140204257379717478e-01
1.919462037328754089e-01
-1.393977583216358673e-01
3.919345312113020618e-02
-2.221084773959632053e-01
9.631670059820986174e-02
1.709206503041980629e-01
1.264281697885145939e-01
-2.769384700304285962e-01
-9.252233825863735370e-03
-2.347874484668023287e-01
7.311023105047205484e-02
5.061511627810934971e-02
-5.945436794043669482e-03
-1.108552542807945442e-02
-2.719681720763883481e-01
-2.343235924610544418e-01
-1.741350633894848121e-01
-4.598234489648824752e-01
-1.444294240020335129e-01
-1.999977991335617766e-01
-1.302719445893209434e-02
-8.836461649691874920e-02
-2.587915588772930764e-02
-9.213974607768365965e-02
-1.705357698762388075e-01
9.138989151552620593e-02
8.272983984584003636e-02
-1.382086493430453034e-01
-2.452714920720277803e-01
-6.205488623477309340e-02
-2.966485402300565385e-02
-1.500222575105281675e-01
-1.997640704112459975e-01
-2.380673860763737604e-01
-2.409818922229768623e-01
-5.699379291917146956e-02
1.840480055073796112e-02
7.873224001786607862e-02
9.755668257976815583e-02
3.196589759579349793e-02
-5.993395071118740036e-02
9.246425320190872210e-02
-1.686769102166034984e-01
-5.654559942094303931e-02
-6.149354748932387565e-02
-4.214507519878423619e-02
9.314340884272583054e-02
-2.193581432402185172e-01
-7.800631924877306222e-02
-4.883894613055762141e-02
1.339501401477160014e-01
-2.691347242092604342e-01
4.993083147085682766e-02
-1.075269300105696074e-01
5.383147735226609387e-02
-3.099331119742162466e-01
-2.357730450148487200e-01
-1.292430744244652679e-03
-1.291572258114623561e-01
-1.085536833664181161e-01
2.135586907828617986e-01
-1.050248702411946261e-01
5.564630694576734593e-02
-1.516252090317516538e-02
-5.670031031521892417e-02
-4.387447825130645282e-03
-2.469529878017056035e-01
-2.148979364047894081e-01
-2.693529646888743190e-01
-7.154105517615411136e-02
1.849405655604713650e-01
-2.728139334887083600e-01
-2.344156348388863956e-02
2.415786206722259633e-01
1.889230807622273856e-01
1.660057988271794460e-01
8.176088294074419782e-02
0.000000000000000000e+00
0.000000000000000000e+00
3.952002501337910888e-03
9.500727594678213400e-03
-9.579418978249808203e-02
-1.515585170266046666e-01
6.869441616748060697e-02
-1.100298061966896099e-02
1.067126950781260158e-01
7.036779075860977173e-02
-8.800878623286177704e-02
-8.239543383839710577e-02
3.954275517785068444e-02
-1.081605012391652354e-01
-2.461227714084088802e-01
-1.966664447536459193e-01
1.342171664725078095e-01
-5.658442323954298442e-02
