-4.258716554278914324e-02
2.389749025943643246e-01
-5.319675763033868132e-02
-7.055639589998911887e-02
8.422586314504063032e-02
-1.810695693656954319e-01
-1.375714421160225964e-01
7.132771887551631051e-02
-6.951345834867694862e-02
-3.739828289309569953e-02
-7.160050753184551454e-03
-1.884254905299110328e-01
-1.180443717216499155e-01
-4.847511065483894183e-02
-1.093530199046453821e-01
1.505569708955862554e-03
-1.985093621487251936e-01
-1.005047890470330968e-01
2.217892303850747537e-01
-2.134088629071662635e-01
1.013540134779295464e-02
-2.929548439580699770e-01
-1.814075786718395145e-01
-1.089763976440961402e-01
-4.170971103774793326e-02
-2.304467238038887533e-01
-2.871029957105593611e-01
-3.132221539588689839e-03
-1.803195530291459570e-01
-1.918162906176466564e-01
-4.519063182671540502e-01
3.387306273112230398e-02
2.019716269881165205e-01
6.847604378133533010e-02
-4.626733937090091731e-01
6.855590377437495442e-02
-2.515088913635110113e-01
-5.745250621823225212e-02
1.283039693971875228e-01
-7.453075208433669607e-02
-5.436814593409840246e-02
-3.421515698116679438e-01
-4.387690484915729994e-01
-4.278723523267812801e-01
-7.239667452473353970e-01
-4.133111793506911158e-01
-4.274893893924309185e-01
-1.848182818101256064e-01
-1.180830940423797763e-02
-6.710889777881062779e-03
-2.218904789417789070e-01
-1.804118524335952545e-01
8.019934105272533142e-02
2.337127636546938378e-02
-1.720084172735739658e-01
-3.495457125256516973e-01
-2.145331824136544052e-02
-2.245115943074348641e-01
-1.269843916633665581e-01
-1.638944204572877761e-01
-3.076427994537674904e-01
-3.698352549283984159e-01
-1.263785280320302573e-01
-7.918495857779148106e-02
-4.891307201376007135e-03
2.946074075214606333e-02
1.797022605099646286e-02
-1.245787197056226758e-01
-2.846765896432876600e-02
-2.611108644168909088e-01
-1.806451024904154878e-01
-1.609068528673044396e-01
-6.352320522461424313e-02
5.395778567619505250e-02
-2.866361174995340488e-01
-4.695840849626939373e-02
-1.003195340617998449e-01
6.399655768378541276e-02
-4.704879025590509856e-01
-3.117804874775532281e-02
-2.951519206812184826e-01
-1.157261881727113667e-01
-3.867911431215950158e-01
-3.691453297789593635e-01
-1.111020335019363980e-01
-3.517338945735088429e-01
-1.191196687807683230e-01
1.315706641855053927e-01
-2.180403835838082283e-01
-5.186412181574134861e-02
-2.119485866849967273e-02
-8.394530643144682003e-02
1.226558158643292207e-01
-3.192537690630767311e-01
-3.896609751148692458e-01
-3.564964615026231520e-01
-2.845091960382274965e-01
1.513944442955438285e-01
-3.646860774563744911e-01
-8.718553821590675768e-02
1.234618857502937372e-01
5.137980155025919510e-02
4.581729757641865575e-02
-4.106065144972695369e-02
0.000000000000000000e+00
0.000000000000000000e+00
-8.339881209241550852e-02
4.973315363605907563e-02
-1.193622741954915994e-01
-1.343005185913024035e-01
5.162297702413432693e-02
1.944225231185555541e-02
1.534088818090302564e-01
7.127371802926063538e-02
5.289443838621316930e-03
-3.373776223386812378e-02
4.079240605940466502e-02
-1.539012171545105778e-01
-2.171595828986028209e-01
-1.138084978098049815e-01
1.543926130194930857e-01
-9.928826947382858592e-02
