-9.183478874185245500e-02
3.395436161006501474e-01
6.110225412892922314e-02
9.493248725109489083e-02
3.162101747061149548e-01
3.259269970547855333e-02
4.037705990726706343e-03
3.484913791082526191e-01
3.596796658892932319e-01
9.128984831251182874e-02
1.652556356605835719e-01
1.259721727760241584e-02
1.278864135887610165e-01
2.090656607947015411e-01
1.808327857647992754e-01
5.458701427712448623e-02
3.235950377235961156e-02
2.185471166720762970e-01
5.223065997541845862e-01
2.207438499855337855e-01
2.812637255333968467e-01
3.232162894204046455e-02
2.555813300332155508e-02
-3.392508234314098314e-03
1.732481182864963054e-01
3.082011120778522725e-02
-2.241103561330730354e-01
-1.695767045410686569e-01
1.005444783196151465e-01
-8.001315690202864817e-02
-5.891581725737383701e-01
-4.080935185310648888e-02
1.204777933756762537e-01
2.824633210167355468e-01
-1.874478794069413812e-01
3.543432899268394998e-01
-1.554661422293394657e-01
2.159262071175080400e-02
1.443249230430215246e-01
3.488277744890008747e-02
4.637140038422606081e-02
-2.051427836708643315e-01
-3.143260996255610729e-01
-4.901381712153523584e-01
-5.590753477419696527e-01
-3.595632549998372118e-01
-1.125106149374187209e-01
1.393358165050967261e-02
6.845183322753690958e-02
1.027945142791035910e-01
-1.522643073559322158e-01
1.024464498624546027e-01
1.404222865795972108e-01
2.500742947871913424e-01
1.214294674072609603e-01
-8.743479956113019147e-02
4.989828833223408644e-01
1.056464375618528934e-01
-3.211817653505495973e-01
-3.291458738326024647e-01
-2.703774328262249504e-01
-2.197324849691187076e-01
-3.891994476784020884e-01
-1.978743432841363059e-01
1.649521769577848851e-01
1.792920008218409633e-01
9.000636585817445301e-02
-1.720183567831197469e-01
1.480814381285961712e-01
1.709586387052784429e-01
1.517272380000154464e-01
-4.602305014459202592e-01
-1.075363191524199569e-01
-4.133734553458875277e-02
-3.945734890259720573e-01
-3.237487632470190113e-01
1.090486342892970847e-02
-1.322982965077412754e-01
-5.014668147364544915e-01
-3.373410388197751186e-01
-2.187587667769196609e-01
-6.832694689664287058e-02
-5.337638664182176029e-01
-5.191269935042246431e-01
-1.880874727678819858e-01
-4.383240929548440357e-01
-5.731385961479427971e-02
-3.403963038122891360e-01
2.130897023116064548e-01
-8.217728733162132926e-02
-5.792914407674467497e-02
-3.545211683052243434e-01
-9.204082206468026939e-02
-5.940169496000938798e-01
-5.038412896152782983e-01
-4.256228275221544122e-01
-4.127162173188029248e-01
-3.755812761843160125e-02
-1.731393334468604439e-01
-6.112876535308761627e-02
-1.045077942311763708e-01
-1.136953625828027725e-01
-1.982815994627096512e-01
-2.822681694261489627e-01
0.000000000000000000e+00
0.000000000000000000e+00
-3.920000499235871266e-02
-6.944150871399658309e-02
1.187974096379479094e-01
-2.538731740547284232e-01
1.974309286748876513e-01
-1.944461569190025219e-01
2.357014907257897474e-01
-2.104737460613250732e-01
1.043724977624992528e-01
-1.349977436869397029e-01
3.330318206475724879e-02
-1.793003312173090114e-01
-2.374849530606297776e-01
-2.884693030733614938e-01
2.901914033380698643e-01
-1.727783243722197659e-01
