2.216620455719025551e-01
1.983480594000296693e-01
1.143115750114618162e-01
-3.716845864142486744e-01
-9.977306433357939486e-02
-6.939535913135994050e-02
-1.636821121581993332e-01
-1.232994597207518611e-01
6.892047553348905342e-02
-6.709843631910580863e-02
3.327094392239259846e-01
-2.391476878133297623e-01
2.725459911357502440e-03
2.187066257831822014e-01
1.204590403032560625e-01
-2.000899892620156689e-02
1.171017309813097707e-01
-4.665320975261770531e-02
2.979274639825320592e-01
-9.372361759807816550e-02
1.343628781352850243e-01
-3.146632382288271912e-01
-6.813726655953754319e-02
1.880366136774927754e-01
-8.529950463280046302e-02
-2.247411079880676232e-01
-3.981339890798921699e-01
1.098090431440457149e-01
-1.993861522260903345e-03
1.070335451648268821e-01
-5.449015693332510679e-01
1.220976637531763359e-01
1.383026210359929453e-01
5.408089023446287918e-02
-5.191015303214729926e-01
4.798053070052185620e-02
-3.253517429694933738e-01
-1.041240780949130029e-01
-3.522001934178241311e-02
8.706929407090738260e-02
-1.584998707874426538e-01
-5.470220055598502551e-01
-4.973690621155146263e-01
-2.812070228391298499e-01
-7.003196200293060336e-01
-5.146405646212997009e-01
-4.972222316291299848e-01
-2.328147495062863892e-01
-5.830730930405246537e-02
1.011554465725914981e-01
1.084758975083685156e-01
-2.566107208479294632e-01
-1.362203783631957266e-01
-4.335566379208581900e-01
-8.298504267330598927e-02
-3.940905985423134861e-01
-5.021361069569719726e-01
-2.084947364844418616e-01
-4.556810069535710550e-02
2.035235640565481174e-01
-9.534664333001481584e-02
-1.497055228727335596e-01
3.123974555763541772e-01
1.521160073753276276e-01
2.457708547896890472e-01
3.151780159212815291e-01
-1.294294926964706105e-01
2.103182356761593499e-02
-9.633193630562326970e-02
-4.797481632612473068e-01
-5.279031140135200667e-02
8.654537737983186707e-02
1.012751119733014404e-01
1.640748979681616315e-01
-7.292018318879814331e-02
2.731543086680874866e-01
2.069252604640637594e-01
1.603344292229425538e-01
-3.905017570019430062e-01
-1.386377837337541274e-01
-8.594489880193402487e-02
-2.662848710035530808e-01
-5.257868410704438222e-01
-5.684733846198870566e-01
-3.097462252557143803e-01
-6.598278502897060582e-02
-2.180477135865620530e-01
1.397302712474317032e-01
-1.897632371469770152e-01
4.204774038728874286e-02
-3.814633905474685838e-01
-1.276888970444441385e-01
-1.457742600069600047e-01
-2.690022160297758091e-01
-5.307032745542797914e-01
-4.410548757537514075e-01
-4.650950151093959928e-01
1.288762291094560641e-01
-5.574350984702997058e-01
-1.805851589363362264e-02
3.113595366477966420e-01
2.517493466536204205e-01
2.869565217671068980e-01
4.119946451917771424e-01
0.000000000000000000e+00
0.000000000000000000e+00
-2.464718361636218935e-01
2.261759561834849330e-01
3.065848952626397741e-02
3.463651995610674827e-01
2.032724469021076619e-01
6.142138731479644953e-01
1.871157027781009674e-01
5.847497880458831787e-01
1.365944642131913245e-01
1.319227866176100050e-01
3.818277690492480336e-01
1.105179322409477888e-01
-5.343974287388846278e-01
2.072321230865782071e-01
5.187248266186595957e-01
1.951984486962122234e-01
